f=[
0 5
1 8
2 5
3 3
4 10
5 6
6 5
7 5
8 4
9 5
10 2
11 4
12 5
13 4
14 4
15 5
16 4
17 5
18 5
19 4
20 4
21 6
22 6
23 6
24 3
25 6
26 3
27 5
28 5
29 5
30 3
31 6
32 6
33 4
34 6
35 3
36 3
37 6
38 6
39 3
40 4
41 2
42 4
43 2
44 7
45 5
46 3
47 7
48 8
49 5
50 4
51 4
52 3
53 5
54 4
55 5
56 6
57 5
58 3
59 7
60 3
61 7
62 6
63 2
64 3
65 7
66 5
67 3
68 6
69 8
70 6
71 1
72 5
73 7
74 3
75 4
76 7
77 6
78 5
79 6
80 8
81 6
82 7
83 2
84 4
85 4
86 3
87 5
88 7
89 8
90 8
91 2
92 7
93 6
94 4
95 2
96 3
97 7
98 8
99 6
];