f=[
0 2
1 5
2 6
3 6
4 7
5 3
6 6
7 5
8 1
9 5
10 4
11 4
12 6
13 3
14 6
15 5
16 4
17 4
18 7
19 7
20 7
21 6
22 3
23 6
24 3
25 2
26 5
27 7
28 6
29 4
30 7
31 4
32 9
33 7
34 3
35 6
36 6
37 5
38 7
39 5
40 5
41 1
42 5
43 7
44 3
45 9
46 5
47 5
48 3
49 7
50 5
51 9
52 5
53 7
54 7
55 3
56 6
57 3
58 9
59 4
60 4
61 3
62 5
63 3
64 4
65 4
66 5
67 7
68 3
69 2
70 5
71 2
72 1
73 2
74 6
75 4
76 7
77 6
78 7
79 4
80 3
81 6
82 5
83 6
84 1
85 8
86 6
87 5
88 4
89 6
90 6
91 6
92 4
93 5
94 4
95 5
96 4
97 4
98 9
99 4
];