b=[
0 0
1 5
2 1
3 5
4 1
5 1
6 3
7 3
8 2
9 0
10 2
11 4
12 0
13 0
14 2
15 3
16 2
17 3
18 10
19 6
20 6
21 1
22 1
23 2
24 4
25 1
26 2
27 1
28 6
29 1
30 7
31 1
32 1
33 2
34 5
35 4
36 1
37 4
38 1
39 4
40 3
41 0
42 3
43 2
44 1
45 1
46 4
47 3
48 2
49 3
50 5
51 2
52 3
53 4
54 4
55 2
56 0
57 2
58 4
59 1
60 1
61 5
62 0
63 4
64 2
65 4
66 4
67 4
68 0
69 4
70 10
71 0
72 7
73 5
74 5
75 3
76 4
77 3
78 6
79 12
80 3
81 3
82 4
83 3
84 0
85 2
86 3
87 1
88 1
89 2
90 4
91 2
92 4
93 0
94 3
95 0
96 5
97 5
98 5
99 11
100 5
101 2
102 6
103 5
104 1
105 4
106 0
107 7
108 1
109 2
110 4
111 3
112 0
113 6
114 1
115 3
116 4
117 4
118 1
119 3
120 1
121 1
122 7
123 2
124 3
125 3
126 6
127 2
128 2
129 3
130 2
131 1
132 0
133 3
134 5
135 4
136 2
137 2
138 1
139 5
140 4
141 2
142 1
143 1
144 1
145 8
146 1
147 3
148 8
149 3
150 1
151 2
152 1
153 4
154 4
155 3
156 0
157 5
158 3
159 2
160 6
161 2
162 1
163 1
164 1
165 5
166 2
167 2
168 4
169 4
170 1
171 5
172 1
173 2
174 0
175 9
176 2
177 6
178 3
179 1
180 2
181 2
182 5
183 3
184 3
185 2
186 3
187 1
188 2
189 6
190 2
191 1
192 1
193 1
194 3
195 6
196 0
197 2
198 2
199 2
200 5
201 3
202 4
203 0
204 4
205 8
206 3
207 1
208 1
209 6
210 1
211 2
212 3
213 2
214 5
215 2
216 6
217 0
218 4
219 0
220 2
221 3
222 3
223 2
224 6
225 6
226 4
227 0
228 1
229 7
230 1
231 1
232 7
233 2
234 5
235 1
236 2
237 3
238 1
239 1
240 4
241 2
242 3
243 3
244 6
245 1
246 6
247 1
248 7
249 1
250 7
251 1
252 6
253 3
254 1
255 5
256 8
257 6
258 0
259 4
260 6
261 3
262 4
263 6
264 4
265 1
266 4
267 2
268 1
269 2
270 3
271 2
272 1
273 6
274 4
275 1
276 3
277 4
278 3
279 1
280 6
281 0
282 7
283 6
284 3
285 4
286 1
287 3
288 6
289 3
290 1
291 9
292 4
293 3
294 1
295 0
296 2
297 7
298 1
299 3
300 2
301 4
302 6
303 4
304 0
305 2
306 3
307 6
308 5
309 0
310 1
311 0
312 0
313 2
314 3
315 3
316 3
317 2
318 3
319 7
320 1
321 0
322 3
323 5
324 2
325 4
326 4
327 3
328 8
329 2
330 10
331 4
332 2
333 0
334 1
335 1
336 4
337 1
338 13
339 0
340 2
341 3
342 5
343 1
344 0
345 1
346 3
347 7
348 3
349 1
350 1
351 5
352 1
353 7
354 9
355 3
356 6
357 0
358 4
359 1
360 4
361 6
362 4
363 1
364 6
365 2
366 5
367 2
368 9
369 2
370 1
371 1
372 2
373 4
374 1
375 2
376 4
377 7
378 1
379 6
380 0
381 9
382 1
383 0
384 2
385 2
386 4
387 0
388 3
389 5
390 5
391 3
392 0
393 4
394 1
395 6
396 6
397 2
398 5
399 1
400 10
401 0
402 3
403 5
404 0
405 4
406 1
407 2
408 1
409 5
410 1
411 1
412 10
413 0
414 1
415 6
416 3
417 5
418 3
419 5
420 1
421 0
422 5
423 5
424 0
425 1
426 0
427 6
428 11
429 2
430 2
431 0
432 3
433 2
434 5
435 0
436 3
437 8
438 5
439 2
440 3
441 1
442 1
443 1
444 4
445 0
446 1
447 1
448 4
449 1
450 7
451 0
452 3
453 8
454 1
455 1
456 1
457 4
458 3
459 7
460 14
461 2
462 3
463 5
464 2
465 0
466 0
467 0
468 6
469 1
470 2
471 2
472 2
473 1
474 0
475 0
476 2
477 6
478 0
479 1
480 4
481 2
482 1
483 0
484 7
485 3
486 3
487 2
488 5
489 5
490 1
491 2
492 8
493 7
494 4
495 5
496 4
497 0
498 0
499 4
500 2
501 1
502 1
503 0
504 4
505 0
506 1
507 2
508 8
509 9
510 8
511 3
512 12
513 2
514 3
515 3
516 0
517 2
518 1
519 3
520 3
521 3
522 1
523 4
524 7
525 0
526 1
527 0
528 1
529 6
530 1
531 0
532 1
533 5
534 4
535 5
536 6
537 7
538 6
539 8
540 1
541 2
542 5
543 2
544 8
545 3
546 6
547 1
548 0
549 6
550 1
551 3
552 6
553 2
554 2
555 1
556 2
557 7
558 4
559 7
560 1
561 0
562 1
563 11
564 1
565 6
566 6
567 3
568 5
569 2
570 1
571 2
572 3
573 1
574 0
575 4
576 6
577 4
578 3
579 0
580 2
581 2
582 0
583 1
584 0
585 2
586 3
587 0
588 1
589 4
590 4
591 2
592 1
593 1
594 5
595 2
596 4
597 1
598 6
599 4
600 5
601 4
602 2
603 5
604 8
605 12
606 4
607 1
608 1
609 2
610 0
611 6
612 6
613 3
614 4
615 3
616 7
617 6
618 3
619 1
620 5
621 3
622 0
623 1
624 10
625 0
626 4
627 2
628 0
629 0
630 8
631 1
632 2
633 7
634 3
635 1
636 7
637 2
638 10
639 0
640 5
641 1
642 6
643 2
644 1
645 0
646 4
647 8
648 2
649 2
650 1
651 5
652 8
653 2
654 1
655 2
656 3
657 3
658 3
659 5
660 4
661 1
662 1
663 3
664 1
665 2
666 12
667 7
668 0
669 2
670 1
671 1
672 4
673 0
674 2
675 3
676 5
677 6
678 1
679 7
680 10
681 5
682 5
683 2
684 2
685 1
686 0
687 2
688 6
689 6
690 3
691 6
692 1
693 4
694 0
695 1
696 7
697 1
698 0
699 1
700 4
701 2
702 5
703 2
704 2
705 4
706 5
707 6
708 6
709 4
710 3
711 1
712 2
713 1
714 1
715 1
716 3
717 4
718 1
719 1
720 4
721 2
722 1
723 1
724 3
725 1
726 1
727 6
728 8
729 1
730 1
731 7
732 0
733 1
734 1
735 9
736 2
737 2
738 1
739 2
740 9
741 11
742 2
743 1
744 4
745 5
746 1
747 2
748 10
749 2
750 3
751 1
752 1
753 1
754 0
755 2
756 1
757 4
758 1
759 6
760 5
761 4
762 1
763 4
764 5
765 1
766 4
767 0
768 5
769 4
770 8
771 1
772 1
773 5
774 1
775 3
776 4
777 5
778 6
779 1
780 0
781 6
782 0
783 5
784 2
785 2
786 3
787 11
788 0
789 1
790 1
791 2
792 3
793 6
794 9
795 9
796 4
797 2
798 1
799 5
800 1
801 7
802 2
803 6
804 2
805 1
806 9
807 0
808 10
809 2
810 4
811 1
812 2
813 2
814 2
815 0
816 3
817 3
818 5
819 3
820 3
821 3
822 2
823 4
824 6
825 0
826 3
827 3
828 7
829 4
830 0
831 0
832 3
833 1
834 2
835 2
836 0
837 5
838 6
839 9
840 1
841 6
842 2
843 3
844 8
845 2
846 1
847 6
848 0
849 10
850 4
851 12
852 3
853 3
854 9
855 1
856 7
857 6
858 3
859 2
860 3
861 0
862 1
863 10
864 7
865 0
866 1
867 1
868 2
869 3
870 3
871 2
872 0
873 1
874 2
875 2
876 4
877 2
878 1
879 2
880 2
881 1
882 0
883 2
884 4
885 2
886 5
887 6
888 1
889 1
890 2
891 1
892 1
893 0
894 4
895 3
896 1
897 7
898 4
899 2
900 1
901 0
902 1
903 2
904 3
905 1
906 8
907 3
908 1
909 2
910 1
911 4
912 4
913 0
914 7
915 3
916 3
917 3
918 1
919 1
920 6
921 5
922 1
923 2
924 1
925 4
926 8
927 1
928 3
929 1
930 7
931 5
932 6
933 6
934 4
935 3
936 2
937 0
938 8
939 9
940 7
941 3
942 4
943 1
944 2
945 3
946 5
947 1
948 2
949 0
950 1
951 2
952 1
953 2
954 1
955 4
956 4
957 0
958 1
959 2
960 5
961 3
962 2
963 4
964 1
965 2
966 7
967 4
968 9
969 0
970 1
971 2
972 4
973 1
974 5
975 3
976 8
977 5
978 3
979 2
980 1
981 2
982 1
983 2
984 2
985 0
986 1
987 1
988 1
989 1
990 4
991 1
992 1
993 1
994 1
995 5
996 0
997 3
998 3
999 5
];