e=[
0 308
1 319
2 3774
3 1128
4 499
5 1707
6 1482
7 1486
8 1464
9 518
10 121
11 1116
12 5319
13 10148
14 309
15 1447
16 558
17 2930
18 357
19 122
20 2462
21 574
22 3880
23 1146
24 457
25 4918
26 1229
27 750
28 225
29 137
30 2152
31 1457
32 2479
33 931
34 54
35 3990
36 1416
37 449
38 667
39 267
40 413
41 456
42 357
43 964
44 536
45 187
46 229
47 1630
48 1953
49 2515
50 889
51 455
52 3674
53 2100
54 5176
55 1111
56 53
57 1615
58 190
59 5666
60 1281
61 239
62 8271
63 1449
64 151
65 375
66 387
67 1214
68 645
69 4564
70 1365
71 559
72 733
73 5419
74 373
75 1204
76 2019
77 172
78 398
79 815
80 788
81 3359
82 2427
83 931
84 786
85 2144
86 1225
87 6812
88 1227
89 603
90 1161
91 2385
92 3709
93 2655
94 159
95 919
96 4689
97 1646
98 3060
99 1371
];