c=[
0 268
1 20
2 2855
3 39
4 20
5 474
6 931
7 166
8 0
9 3019
10 7
11 2281
12 426
13 747
14 35
15 36
16 7351
17 26
18 48
19 5703
20 520
21 3
22 8393
23 16
24 4
25 596
26 1202
27 14
28 42
29 1109
30 8
31 1819
32 13
33 5012
34 885
35 6711
36 18
37 1220
38 1569
39 4634
40 284
41 163
42 18020
43 225
44 5
45 5693
46 2236
47 4937
48 5853
49 7
50 10
51 11
52 7
53 8917
54 30
55 267
56 7
57 1741
58 17
59 67
60 968
61 28
62 1791
63 2086
64 1391
65 5640
66 7
67 2810
68 8752
69 7558
70 747
71 7
72 11
73 1339
74 1663
75 33
76 10
77 3582
78 2367
79 18
80 1916
81 31
82 27
83 10
84 5033
85 12
86 54
87 785
88 992
89 765
90 4
91 18
92 2
93 255
94 17
95 21
96 643
97 3933
98 5
99 6
100 459
101 127
102 18
103 288
104 7
105 3317
106 17
107 8719
108 1054
109 451
110 15
111 19
112 1767
113 51
114 34
115 1856
116 1103
117 34
118 223
119 1
120 6463
121 929
122 3096
123 4
124 1242
125 6086
126 3824
127 394
128 34
129 1837
130 58
131 9088
132 24
133 1208
134 18
135 4273
136 1206
137 39
138 2530
139 19
140 1
141 32
142 35
143 58
144 928
145 0
146 3
147 36
148 7
149 35
150 17
151 505
152 20
153 14
154 11
155 15
156 2393
157 5391
158 3482
159 22
160 3775
161 4050
162 21
163 19
164 5
165 44
166 1472
167 53
168 304
169 20
170 3658
171 85
172 386
173 307
174 14
175 66
176 159
177 2206
178 7
179 11
180 2060
181 1574
182 7896
183 1062
184 15
185 22
186 6
187 979
188 41
189 24
190 13
191 26
192 17
193 3
194 32
195 42
196 910
197 2332
198 3807
199 1608
200 16
201 5125
202 10
203 1310
204 2356
205 80
206 8
207 1723
208 3305
209 429
210 324
211 1225
212 175
213 1017
214 205
215 5260
216 3560
217 101
218 19
219 1273
220 7533
221 29
222 385
223 38
224 17
225 40
226 15
227 17
228 2
229 1501
230 5994
231 712
232 3700
233 2029
234 11675
235 7313
236 18
237 684
238 21
239 1504
240 2868
241 7595
242 0
243 21181
244 552
245 8
246 0
247 1119
248 16
249 1587
250 4
251 673
252 2394
253 369
254 4661
255 1571
256 37
257 236
258 12
259 6187
260 5120
261 12
262 278
263 1723
264 4
265 4
266 25
267 47
268 1
269 19
270 5561
271 1250
272 7
273 6124
274 1859
275 5840
276 17
277 50
278 6
279 4055
280 1378
281 568
282 1580
283 4141
284 1
285 6
286 682
287 4979
288 3111
289 44
290 4
291 5
292 690
293 16
294 726
295 942
296 28
297 3268
298 843
299 7
300 13559
301 9527
302 4032
303 6838
304 7293
305 9
306 22
307 17
308 425
309 38
310 4208
311 35
312 6524
313 1194
314 15
315 2856
316 6
317 7
318 1360
319 3
320 1276
321 320
322 13
323 418
324 3
325 19
326 2279
327 1548
328 845
329 6
330 0
331 167
332 9
333 666
334 38
335 31
336 9
337 215
338 5897
339 1
340 1517
341 3135
342 1277
343 3104
344 25
345 329
346 1064
347 22
348 203
349 108
350 6
351 57
352 5001
353 8
354 1
355 87
356 76
357 532
358 932
359 17
360 16
361 729
362 2720
363 104
364 55
365 13
366 5502
367 27
368 9
369 1
370 1806
371 447
372 7
373 2741
374 4098
375 6
376 2111
377 28
378 24
379 8535
380 6
381 5631
382 5025
383 307
384 45
385 2835
386 1040
387 5
388 41
389 604
390 113
391 11
392 17
393 25
394 18
395 3
396 620
397 7248
398 3429
399 2319
400 1997
401 1529
402 1178
403 4
404 7
405 3
406 3081
407 18
408 1395
409 13
410 1656
411 455
412 938
413 11
414 12647
415 19
416 1074
417 40
418 4307
419 3876
420 1609
421 2564
422 51
423 3
424 15
425 13
426 1
427 859
428 1725
429 7425
430 399
431 2919
432 7962
433 2210
434 1058
435 0
436 9
437 2123
438 4794
439 15
440 17
441 1
442 27
443 4
444 311
445 5031
446 403
447 279
448 26
449 3556
450 29
451 653
452 366
453 493
454 29
455 2853
456 11658
457 2876
458 4182
459 527
460 72
461 6243
462 2358
463 15
464 29
465 12
466 5
467 2340
468 6
469 1783
470 1931
471 8
472 25
473 3487
474 3193
475 15
476 1
477 6783
478 1031
479 6933
480 1579
481 1232
482 3137
483 5577
484 1839
485 11
486 8348
487 15997
488 1052
489 28
490 14465
491 17
492 9370
493 892
494 43
495 25
496 9
497 5
498 6
499 363
500 16
501 114
502 28
503 428
504 1428
505 40
506 1590
507 1174
508 899
509 30
510 602
511 10
512 530
513 1592
514 2609
515 48
516 22
517 4292
518 26
519 5
520 13
521 18
522 20
523 3985
524 10952
525 15
526 16
527 1098
528 3555
529 18
530 7
531 913
532 17
533 11
534 1029
535 14
536 278
537 23
538 1434
539 4
540 3959
541 12
542 9869
543 2
544 11
545 25
546 7641
547 12
548 9398
549 938
550 30
551 1642
552 5179
553 5954
554 10573
555 3636
556 23
557 221
558 3206
559 9
560 20
561 6988
562 1074
563 78
564 314
565 418
566 2301
567 19
568 13
569 30
570 7
571 77
572 68
573 43
574 84
575 785
576 28
577 9
578 7
579 25
580 1965
581 515
582 26
583 2
584 18
585 7040
586 1503
587 14553
588 3254
589 12
590 2458
591 28
592 2341
593 27
594 918
595 180
596 13
597 983
598 170
599 11
600 8
601 21
602 474
603 73
604 3935
605 25
606 3089
607 1691
608 942
609 121
610 36
611 486
612 317
613 2706
614 3
615 36
616 6
617 27
618 292
619 13
620 33
621 2993
622 54
623 7
624 1
625 4395
626 0
627 13
628 2558
629 1388
630 6
631 1537
632 6907
633 734
634 600
635 36
636 17
637 157
638 1349
639 100
640 9
641 3679
642 6737
643 12141
644 8
645 17
646 48
647 282
648 842
649 273
650 5649
651 5955
652 537
653 17
654 35
655 46
656 6657
657 1338
658 30
659 2482
660 13
661 906
662 41
663 19
664 21
665 6
666 11683
667 4730
668 3543
669 10
670 6
671 3
672 41
673 14889
674 10
675 13
676 158
677 31
678 2150
679 16
680 1456
681 2803
682 704
683 5501
684 17
685 37
686 1181
687 4423
688 4473
689 5
690 2731
691 13
692 444
693 3527
694 3087
695 25
696 3376
697 198
698 40
699 16
700 65
701 3449
702 22
703 16
704 2608
705 1548
706 7639
707 1940
708 1109
709 996
710 5541
711 450
712 5487
713 830
714 5918
715 202
716 1218
717 821
718 1454
719 293
720 19
721 5
722 5835
723 2435
724 2551
725 0
726 142
727 4
728 5186
729 37
730 13801
731 2
732 17
733 30
734 16
735 5
736 6682
737 3036
738 0
739 1
740 5
741 6395
742 2523
743 8101
744 2790
745 199
746 275
747 4973
748 2007
749 8401
750 10
751 539
752 21
753 658
754 6463
755 53
756 7
757 51
758 6219
759 3595
760 327
761 484
762 23
763 695
764 6957
765 102
766 721
767 1593
768 10
769 683
770 598
771 5
772 4957
773 855
774 196
775 55
776 1068
777 7665
778 776
779 2440
780 1505
781 6
782 1005
783 2502
784 52
785 508
786 38
787 486
788 776
789 47
790 11
791 33
792 2
793 16
794 2134
795 4980
796 1209
797 102
798 755
799 546
800 1004
801 11
802 1208
803 3904
804 1199
805 45
806 1319
807 20
808 1087
809 5
810 0
811 34
812 8
813 544
814 3049
815 15
816 3221
817 7812
818 409
819 487
820 104
821 3953
822 9
823 20
824 604
825 6
826 36
827 4
828 172
829 3651
830 4134
831 2365
832 8
833 8
834 16
835 45
836 1170
837 244
838 27
839 53
840 53
841 21
842 93
843 18
844 1427
845 1514
846 1450
847 25
848 24
849 6057
850 9173
851 24
852 2397
853 22
854 868
855 2343
856 3168
857 2020
858 1168
859 17
860 379
861 3284
862 2807
863 26
864 895
865 23
866 6680
867 10
868 2187
869 30
870 19
871 312
872 2348
873 19726
874 7
875 7068
876 2976
877 1371
878 492
879 387
880 10
881 2594
882 155
883 3476
884 3
885 13
886 494
887 228
888 716
889 8920
890 9
891 3658
892 11
893 27
894 3107
895 4693
896 52
897 4
898 2552
899 1151
900 3029
901 34
902 6982
903 751
904 50
905 0
906 1
907 2745
908 2519
909 21
910 11
911 8
912 2474
913 736
914 5155
915 2206
916 15
917 2350
918 3336
919 173
920 2705
921 614
922 1075
923 1675
924 28
925 2728
926 3023
927 3631
928 86
929 24
930 60
931 4054
932 59
933 34
934 6842
935 1769
936 5
937 13
938 16021
939 125
940 3593
941 21
942 16
943 7
944 9
945 9227
946 17
947 18
948 21
949 5184
950 161
951 7578
952 583
953 1991
954 5336
955 13
956 11
957 44
958 7048
959 5832
960 10
961 232
962 29
963 323
964 184
965 957
966 195
967 1524
968 11
969 33
970 9
971 2707
972 35
973 23
974 22
975 24
976 2417
977 4627
978 20
979 5
980 1211
981 27
982 7
983 2007
984 655
985 3988
986 8854
987 11221
988 4654
989 29
990 1788
991 20
992 2432
993 1
994 58
995 12440
996 81
997 8
998 5545
999 2010
];