e=[
0 4294
1 1154
2 1443
3 7721
4 1039
5 5197
6 2210
7 673
8 788
9 889
10 288
11 299
12 126
13 462
14 6154
15 119
16 1451
17 69
18 2495
19 5170
20 3251
21 2382
22 363
23 1090
24 1357
25 279
26 19
27 1747
28 4976
29 305
30 1513
31 793
32 1484
33 1016
34 83
35 30
36 3507
37 950
38 2460
39 1408
40 4080
41 454
42 2711
43 419
44 2933
45 1873
46 3092
47 222
48 1425
49 2108
50 298
51 1338
52 676
53 1085
54 1959
55 75
56 128
57 1892
58 2139
59 3303
60 973
61 131
62 995
63 1772
64 412
65 69
66 1834
67 1283
68 4123
69 10711
70 999
71 1418
72 2365
73 858
74 849
75 866
76 6725
77 1847
78 4915
79 1280
80 356
81 52
82 354
83 595
84 763
85 2698
86 414
87 3666
88 451
89 2628
90 937
91 369
92 229
93 458
94 3591
95 2212
96 468
97 4316
98 39
99 1700
];