c=[
0 3526
1 7
2 2955
3 129
4 1683
5 651
6 7
7 19
8 2044
9 5764
10 10
11 8
12 9055
13 12
14 770
15 357
16 11
17 615
18 54
19 40
20 26
21 13
22 2918
23 12
24 38
25 647
26 3942
27 39
28 8
29 17
30 13
31 3153
32 963
33 14
34 7369
35 26
36 3
37 974
38 663
39 24
40 4677
41 258
42 646
43 16
44 1
45 531
46 402
47 855
48 1246
49 155
50 13
51 2
52 555
53 708
54 54
55 724
56 531
57 6931
58 9090
59 216
60 17
61 6267
62 5730
63 14
64 46
65 8
66 20
67 45
68 3598
69 54
70 1906
71 1690
72 23
73 3419
74 13
75 9
76 7532
77 3
78 6
79 690
80 410
81 4457
82 50
83 9
84 1685
85 98
86 7
87 8719
88 165
89 839
90 2713
91 439
92 1731
93 33
94 4084
95 1401
96 7
97 47
98 3791
99 45
100 31
101 10344
102 30
103 75
104 9
105 34
106 1669
107 1997
108 4743
109 1455
110 1214
111 41
112 1054
113 20
114 55
115 2129
116 846
117 326
118 9
119 105
120 103
121 4323
122 31
123 286
124 1127
125 1628
126 962
127 48
128 222
129 39
130 10
131 35
132 834
133 23
134 3127
135 116
136 1674
137 2
138 1443
139 45
140 944
141 34
142 5
143 9
144 2710
145 503
146 1142
147 7
148 12
149 862
150 1
151 147
152 7
153 12
154 1338
155 23
156 607
157 2957
158 11144
159 32
160 580
161 1586
162 19
163 4179
164 6557
165 31
166 6721
167 410
168 7846
169 8
170 85
171 39
172 5103
173 6122
174 0
175 985
176 1706
177 1084
178 675
179 851
180 1910
181 736
182 5
183 715
184 2293
185 2
186 2663
187 3999
188 2
189 24
190 30
191 3
192 65
193 4105
194 617
195 14
196 854
197 120
198 2624
199 58
200 25
201 61
202 11172
203 2796
204 4
205 24
206 19
207 6476
208 3381
209 5304
210 5030
211 153
212 703
213 3092
214 3388
215 8
216 1576
217 146
218 6
219 1584
220 84
221 707
222 7
223 36
224 20
225 6626
226 24
227 224
228 1297
229 6107
230 1903
231 15
232 1211
233 8806
234 25
235 1
236 14
237 3
238 1112
239 1193
240 1302
241 8267
242 3753
243 3
244 22
245 3393
246 52
247 1
248 19
249 2639
250 47
251 1
252 6
253 801
254 3
255 473
256 6756
257 18
258 916
259 12
260 344
261 248
262 8
263 7194
264 413
265 474
266 18
267 62
268 2861
269 814
270 221
271 2
272 4151
273 2224
274 1864
275 1271
276 1623
277 14
278 11
279 3977
280 2689
281 4022
282 23
283 12
284 3675
285 3014
286 4984
287 6745
288 48
289 745
290 2141
291 271
292 18
293 15
294 1002
295 3457
296 2547
297 145
298 1
299 991
300 474
301 12
302 1553
303 5973
304 2294
305 14
306 31
307 4503
308 116
309 35
310 7479
311 76
312 4597
313 3454
314 7
315 261
316 5
317 14
318 17
319 3189
320 718
321 1253
322 9
323 1051
324 8396
325 276
326 36
327 4112
328 430
329 622
330 1416
331 1010
332 6526
333 3972
334 7
335 2577
336 84
337 1
338 5305
339 48
340 646
341 7
342 37
343 3331
344 0
345 2129
346 7
347 11
348 14877
349 13
350 11515
351 1577
352 7667
353 11
354 4067
355 75
356 50
357 50
358 16764
359 1501
360 2772
361 88
362 3962
363 3608
364 40
365 6
366 85
367 1633
368 6317
369 229
370 3155
371 8040
372 1740
373 4640
374 570
375 338
376 24
377 13
378 8863
379 14
380 0
381 67
382 1675
383 97
384 4940
385 816
386 5450
387 2504
388 3327
389 419
390 6494
391 10745
392 852
393 19
394 309
395 14260
396 12
397 6702
398 1302
399 1118
400 160
401 6201
402 9
403 61
404 56
405 14
406 167
407 8072
408 1471
409 4981
410 1521
411 16943
412 102
413 1768
414 265
415 18
416 7377
417 440
418 2976
419 2925
420 3069
421 4031
422 129
423 764
424 3828
425 617
426 672
427 14
428 151
429 1476
430 32
431 0
432 1035
433 1276
434 321
435 0
436 27
437 12
438 2359
439 22
440 1073
441 2088
442 13
443 51
444 1876
445 6652
446 227
447 5835
448 90
449 15
450 567
451 26
452 1519
453 1739
454 3
455 1995
456 119
457 1724
458 21
459 1179
460 11030
461 52
462 9
463 13
464 2794
465 3052
466 0
467 3495
468 178
469 2903
470 196
471 43
472 6
473 757
474 2528
475 182
476 7044
477 3250
478 0
479 2151
480 4
481 9669
482 4591
483 564
484 14343
485 13
486 37
487 12
488 69
489 6219
490 829
491 1313
492 1064
493 13
494 26
495 61
496 538
497 6148
498 282
499 6
500 883
501 5961
502 5236
503 0
504 42
505 1020
506 1069
507 914
508 44
509 37
510 50
511 71
512 684
513 4286
514 2909
515 2157
516 0
517 542
518 101
519 880
520 35
521 13
522 1201
523 16
524 15
525 549
526 5
527 4590
528 1583
529 16
530 7
531 6694
532 2253
533 15
534 6
535 21
536 1004
537 11
538 28
539 36
540 3
541 1138
542 13817
543 2546
544 12
545 17
546 6
547 44
548 3982
549 28
550 799
551 877
552 12
553 2690
554 17603
555 707
556 20
557 9
558 733
559 9
560 3007
561 1262
562 5704
563 29
564 5
565 14
566 60
567 2379
568 11839
569 20
570 5560
571 616
572 2335
573 25
574 20
575 1970
576 14
577 60
578 628
579 82
580 7134
581 3572
582 8730
583 1079
584 10680
585 22
586 23
587 998
588 153
589 1192
590 570
591 2952
592 1309
593 2675
594 39
595 28
596 904
597 2672
598 14
599 14
600 139
601 24
602 2540
603 693
604 22
605 22
606 38
607 598
608 1
609 7616
610 16
611 22
612 224
613 3233
614 16
615 191
616 9
617 42
618 6207
619 2143
620 29
621 101
622 1811
623 228
624 158
625 4782
626 52
627 4054
628 124
629 1999
630 6120
631 5543
632 456
633 13
634 3
635 3715
636 1693
637 14
638 10
639 375
640 1447
641 3003
642 90
643 78
644 339
645 664
646 10
647 4410
648 12
649 495
650 5893
651 19
652 10
653 312
654 2040
655 1012
656 603
657 125
658 21
659 987
660 6
661 5147
662 665
663 15
664 2730
665 14
666 1044
667 4663
668 274
669 8
670 1684
671 55
672 13
673 2504
674 846
675 2203
676 25
677 2373
678 7
679 31
680 550
681 19
682 3387
683 560
684 32
685 91
686 404
687 3467
688 40
689 4799
690 27
691 24
692 4065
693 24
694 10
695 5881
696 17
697 3365
698 728
699 1961
700 280
701 142
702 167
703 10464
704 9604
705 941
706 15
707 30
708 1219
709 6
710 5
711 8444
712 2396
713 6056
714 23
715 3939
716 3
717 16982
718 1
719 409
720 6
721 2
722 986
723 1363
724 39
725 21
726 1384
727 9776
728 4012
729 1259
730 361
731 111
732 4449
733 5764
734 15
735 51
736 387
737 4
738 949
739 1179
740 1623
741 747
742 2190
743 77
744 2096
745 15
746 221
747 2472
748 28
749 1662
750 23
751 396
752 5
753 755
754 662
755 12
756 2961
757 4
758 1079
759 10
760 7
761 739
762 135
763 6
764 653
765 441
766 10
767 527
768 2181
769 45
770 26
771 2026
772 713
773 9
774 9
775 11
776 10
777 4795
778 16
779 898
780 346
781 1327
782 2540
783 5
784 10246
785 34
786 16592
787 43
788 1102
789 1816
790 601
791 78
792 1251
793 654
794 2051
795 23
796 20
797 36
798 5
799 11
800 5301
801 29
802 764
803 2823
804 8
805 3453
806 793
807 294
808 10
809 24
810 42
811 2563
812 1772
813 633
814 10
815 2958
816 1811
817 7090
818 7
819 6447
820 2053
821 43
822 438
823 14
824 4346
825 196
826 318
827 4385
828 1476
829 12
830 90
831 6910
832 9945
833 1152
834 2
835 12118
836 150
837 8983
838 28
839 505
840 3
841 138
842 8
843 15
844 1322
845 18
846 3741
847 6
848 278
849 320
850 1948
851 30
852 5674
853 3
854 19
855 1
856 29
857 14
858 2961
859 6008
860 15
861 2270
862 782
863 20
864 15
865 1062
866 21
867 9
868 58
869 3251
870 9
871 3908
872 426
873 83
874 3127
875 388
876 3698
877 2
878 1007
879 30
880 244
881 383
882 9140
883 1561
884 8
885 18
886 2447
887 8
888 25
889 91
890 550
891 3
892 119
893 5006
894 4526
895 25
896 714
897 25
898 26
899 1638
900 8830
901 1777
902 363
903 1024
904 37
905 7
906 2202
907 31
908 5923
909 2073
910 4023
911 5028
912 20
913 5115
914 49
915 345
916 45
917 587
918 19
919 3523
920 34
921 1173
922 19
923 14
924 486
925 4
926 30
927 5292
928 2486
929 4509
930 73
931 5
932 20
933 86
934 6
935 7
936 1573
937 790
938 38
939 15
940 47
941 869
942 82
943 17
944 34
945 1259
946 41
947 27
948 3815
949 2745
950 1
951 2324
952 6520
953 10
954 34
955 10
956 38
957 4708
958 61
959 2861
960 8545
961 2714
962 90
963 10
964 1701
965 4
966 37
967 44
968 39
969 1289
970 595
971 582
972 40
973 1
974 653
975 53
976 12
977 4742
978 4769
979 1884
980 3283
981 2318
982 8059
983 4
984 3724
985 34
986 1
987 3179
988 1373
989 23
990 3992
991 483
992 703
993 3873
994 2451
995 3879
996 1092
997 23
998 2139
999 39
];