a=[
0 2
1 6
2 1
3 5
4 4
5 0
6 5
7 8
8 0
9 1
10 1
11 7
12 0
13 3
14 4
15 6
16 1
17 4
18 4
19 1
20 4
21 3
22 1
23 6
24 4
25 8
26 0
27 4
28 3
29 2
30 4
31 3
32 1
33 2
34 7
35 3
36 8
37 5
38 5
39 3
40 4
41 5
42 1
43 2
44 5
45 1
46 2
47 3
48 1
49 5
50 6
51 1
52 3
53 1
54 4
55 2
56 3
57 1
58 3
59 3
60 5
61 0
62 1
63 1
64 3
65 1
66 1
67 4
68 3
69 2
70 1
71 3
72 5
73 3
74 3
75 1
76 6
77 0
78 1
79 0
80 6
81 1
82 9
83 6
84 9
85 2
86 4
87 3
88 2
89 3
90 4
91 2
92 2
93 9
94 5
95 3
96 2
97 1
98 5
99 6
100 11
101 5
102 6
103 6
104 3
105 2
106 5
107 4
108 4
109 3
110 9
111 3
112 3
113 1
114 4
115 4
116 1
117 8
118 1
119 1
120 3
121 5
122 3
123 4
124 0
125 1
126 2
127 2
128 4
129 0
130 6
131 0
132 4
133 0
134 2
135 1
136 0
137 9
138 0
139 3
140 1
141 2
142 3
143 7
144 3
145 0
146 3
147 2
148 1
149 5
150 1
151 1
152 4
153 4
154 5
155 1
156 2
157 5
158 0
159 0
160 7
161 4
162 5
163 5
164 1
165 4
166 2
167 5
168 1
169 12
170 8
171 2
172 8
173 2
174 8
175 3
176 3
177 4
178 3
179 3
180 4
181 1
182 3
183 0
184 7
185 4
186 4
187 4
188 9
189 6
190 1
191 6
192 7
193 3
194 2
195 8
196 4
197 4
198 3
199 1
200 4
201 3
202 8
203 1
204 0
205 2
206 4
207 4
208 3
209 1
210 0
211 3
212 1
213 6
214 3
215 1
216 6
217 1
218 3
219 0
220 3
221 1
222 7
223 8
224 3
225 6
226 1
227 1
228 2
229 1
230 2
231 6
232 2
233 3
234 3
235 3
236 4
237 2
238 3
239 4
240 0
241 1
242 0
243 1
244 4
245 6
246 0
247 5
248 4
249 1
250 2
251 2
252 6
253 3
254 1
255 3
256 1
257 4
258 2
259 1
260 2
261 8
262 2
263 1
264 4
265 4
266 7
267 1
268 1
269 11
270 5
271 3
272 5
273 2
274 1
275 0
276 3
277 2
278 4
279 7
280 4
281 6
282 2
283 1
284 1
285 4
286 2
287 13
288 3
289 6
290 4
291 5
292 2
293 4
294 2
295 12
296 8
297 8
298 7
299 1
300 2
301 5
302 0
303 2
304 2
305 3
306 8
307 7
308 2
309 2
310 2
311 3
312 0
313 4
314 1
315 2
316 2
317 3
318 2
319 1
320 4
321 1
322 5
323 2
324 3
325 7
326 1
327 2
328 1
329 4
330 0
331 7
332 7
333 0
334 4
335 3
336 1
337 3
338 2
339 1
340 1
341 1
342 0
343 2
344 5
345 1
346 6
347 2
348 9
349 2
350 6
351 3
352 1
353 4
354 1
355 3
356 6
357 3
358 4
359 3
360 6
361 1
362 3
363 4
364 1
365 3
366 5
367 3
368 1
369 1
370 6
371 1
372 1
373 1
374 1
375 4
376 1
377 6
378 2
379 1
380 4
381 1
382 2
383 1
384 5
385 1
386 2
387 3
388 1
389 2
390 1
391 3
392 5
393 5
394 8
395 3
396 1
397 8
398 2
399 1
400 1
401 2
402 1
403 4
404 3
405 3
406 4
407 2
408 1
409 1
410 2
411 1
412 0
413 5
414 1
415 9
416 0
417 4
418 3
419 0
420 1
421 2
422 5
423 1
424 9
425 5
426 1
427 1
428 1
429 3
430 1
431 0
432 4
433 2
434 0
435 0
436 3
437 3
438 0
439 3
440 1
441 1
442 9
443 2
444 5
445 3
446 1
447 3
448 4
449 0
450 3
451 3
452 8
453 1
454 5
455 2
456 2
457 0
458 0
459 1
460 0
461 2
462 0
463 7
464 1
465 4
466 3
467 6
468 4
469 3
470 0
471 6
472 3
473 1
474 5
475 3
476 1
477 5
478 1
479 2
480 1
481 2
482 1
483 0
484 0
485 7
486 1
487 3
488 3
489 2
490 0
491 1
492 2
493 2
494 5
495 3
496 3
497 5
498 4
499 1
500 6
501 10
502 6
503 0
504 4
505 2
506 12
507 8
508 3
509 2
510 0
511 2
512 8
513 0
514 1
515 2
516 8
517 2
518 2
519 1
520 5
521 4
522 5
523 1
524 2
525 1
526 4
527 6
528 1
529 4
530 5
531 3
532 11
533 5
534 5
535 4
536 2
537 1
538 2
539 4
540 1
541 2
542 0
543 2
544 3
545 9
546 2
547 10
548 6
549 0
550 10
551 0
552 1
553 1
554 3
555 1
556 3
557 1
558 2
559 5
560 4
561 10
562 10
563 9
564 1
565 0
566 7
567 1
568 1
569 4
570 7
571 7
572 0
573 1
574 2
575 1
576 10
577 7
578 7
579 5
580 0
581 5
582 8
583 2
584 6
585 2
586 7
587 0
588 4
589 4
590 4
591 5
592 0
593 1
594 2
595 5
596 1
597 7
598 2
599 5
600 4
601 3
602 3
603 7
604 1
605 11
606 9
607 3
608 4
609 2
610 6
611 4
612 1
613 6
614 1
615 4
616 4
617 3
618 2
619 1
620 5
621 5
622 2
623 5
624 1
625 5
626 0
627 3
628 10
629 2
630 4
631 4
632 1
633 6
634 0
635 8
636 3
637 5
638 1
639 2
640 3
641 3
642 1
643 1
644 4
645 3
646 8
647 0
648 2
649 1
650 3
651 5
652 1
653 11
654 3
655 6
656 3
657 4
658 4
659 0
660 3
661 8
662 1
663 7
664 1
665 6
666 3
667 2
668 7
669 2
670 6
671 3
672 3
673 1
674 6
675 3
676 5
677 5
678 4
679 0
680 4
681 1
682 2
683 1
684 1
685 1
686 1
687 0
688 1
689 3
690 1
691 3
692 2
693 1
694 0
695 2
696 1
697 2
698 3
699 2
700 5
701 7
702 6
703 8
704 0
705 0
706 3
707 0
708 1
709 10
710 2
711 0
712 0
713 0
714 6
715 1
716 1
717 1
718 2
719 3
720 5
721 3
722 1
723 3
724 3
725 0
726 3
727 2
728 2
729 3
730 3
731 2
732 9
733 4
734 1
735 5
736 5
737 0
738 0
739 1
740 1
741 1
742 1
743 9
744 2
745 5
746 9
747 5
748 1
749 1
750 6
751 1
752 5
753 2
754 1
755 0
756 5
757 4
758 1
759 2
760 4
761 4
762 5
763 5
764 7
765 6
766 1
767 1
768 8
769 1
770 6
771 3
772 2
773 1
774 2
775 3
776 0
777 1
778 2
779 5
780 1
781 2
782 5
783 2
784 2
785 2
786 8
787 6
788 6
789 7
790 9
791 5
792 2
793 2
794 2
795 2
796 1
797 1
798 3
799 0
800 0
801 2
802 0
803 5
804 5
805 3
806 1
807 2
808 1
809 5
810 0
811 6
812 2
813 0
814 4
815 7
816 8
817 0
818 7
819 1
820 0
821 1
822 3
823 4
824 2
825 2
826 10
827 4
828 2
829 3
830 4
831 3
832 4
833 8
834 4
835 3
836 0
837 0
838 7
839 3
840 3
841 3
842 3
843 4
844 1
845 0
846 1
847 1
848 3
849 5
850 1
851 4
852 0
853 4
854 2
855 1
856 0
857 0
858 2
859 5
860 1
861 2
862 8
863 2
864 1
865 9
866 4
867 8
868 3
869 8
870 5
871 0
872 2
873 4
874 3
875 4
876 1
877 1
878 2
879 3
880 2
881 0
882 3
883 0
884 1
885 1
886 0
887 4
888 0
889 1
890 3
891 10
892 5
893 8
894 5
895 1
896 4
897 4
898 2
899 3
900 3
901 0
902 2
903 1
904 2
905 0
906 1
907 1
908 3
909 6
910 5
911 6
912 2
913 3
914 1
915 1
916 7
917 3
918 1
919 11
920 7
921 1
922 4
923 0
924 2
925 0
926 1
927 5
928 8
929 6
930 10
931 1
932 1
933 8
934 2
935 1
936 3
937 3
938 2
939 11
940 1
941 3
942 4
943 5
944 9
945 3
946 5
947 2
948 5
949 2
950 0
951 0
952 1
953 1
954 5
955 5
956 5
957 2
958 1
959 0
960 4
961 5
962 3
963 3
964 8
965 0
966 1
967 8
968 3
969 3
970 3
971 1
972 3
973 7
974 6
975 6
976 1
977 0
978 0
979 3
980 1
981 7
982 3
983 5
984 1
985 0
986 6
987 1
988 2
989 7
990 2
991 8
992 2
993 1
994 2
995 4
996 7
997 6
998 2
999 2
];