d=[
0 4
1 4
2 4
3 1
4 3
5 3
6 3
7 3
8 3
9 2
10 2
11 1
12 3
13 3
14 2
15 3
16 4
17 3
18 3
19 2
20 4
21 3
22 4
23 3
24 3
25 2
26 3
27 3
28 5
29 5
30 3
31 4
32 4
33 3
34 4
35 2
36 3
37 4
38 2
39 2
40 2
41 2
42 2
43 2
44 5
45 3
46 4
47 3
48 3
49 2
50 3
51 4
52 2
53 2
54 4
55 5
56 2
57 5
58 2
59 5
60 2
61 5
62 3
63 2
64 3
65 5
66 3
67 4
68 3
69 3
70 3
71 1
72 2
73 3
74 3
75 3
76 6
77 4
78 3
79 3
80 3
81 5
82 6
83 1
84 3
85 3
86 3
87 3
88 5
89 4
90 4
91 2
92 3
93 4
94 3
95 2
96 2
97 4
98 3
99 3
];