d=[
0 1
1 4
2 4
3 2
4 3
5 3
6 4
7 4
8 1
9 4
10 1
11 2
12 5
13 3
14 4
15 2
16 3
17 2
18 3
19 3
20 4
21 2
22 1
23 2
24 2
25 1
26 4
27 4
28 6
29 3
30 2
31 4
32 4
33 3
34 3
35 4
36 5
37 3
38 3
39 3
40 4
41 1
42 4
43 3
44 3
45 4
46 3
47 4
48 3
49 3
50 3
51 4
52 3
53 4
54 3
55 2
56 3
57 3
58 6
59 2
60 3
61 1
62 3
63 2
64 4
65 3
66 5
67 4
68 3
69 2
70 4
71 1
72 1
73 2
74 2
75 4
76 4
77 3
78 3
79 1
80 2
81 2
82 3
83 4
84 1
85 4
86 4
87 3
88 3
89 5
90 3
91 4
92 2
93 4
94 3
95 3
96 4
97 3
98 3
99 3
];